6.47910739
1.15484884
3.15297127
0.43742732
0.15559904
0.76671276
0.76154808
7.41427006
1.10375375
0.06209018
0.48852245
0.20669417
0.81780790
0.81264319
0.99916676
6.44041138
0.01099505
0.53961754
0.25778926
0.86890299
0.86373830
0.94807167
6.49939512
-0.04010004
0.59071268
0.30888439
0.91999812
0.91483344
0.89697654
7.51702190
-0.09119517
0.53961754
0.35997949
0.97109321
0.96592853
0.84588143
0.89937330
-0.14229027
3.43215303
0.41107462
1.02218835
1.01702366
0.79478631
0.84827816
-0.19338540
0.43742732
0.35997949
4.60239876
1.06811875
2.62213236
0.79718305
-0.24448049
0.38633223
0.30888439
4.66166267
1.11921389
0.69259608
0.74608794
-0.29557562
0.33523709
0.25778926
3.27589604
1.17030898
0.64150097
0.69499283
-0.34667074
0.28414200
0.20669417
4.46328336
1.22140411
0.59040585
0.64389770
-0.39776585
0.23304687
0.15559904
5.49073545
1.17030898
6.42791141
0.65731602
0.61422269
0.63012645
0.02507817
0.91536372
0.75950624
6.95299053
0.73231669
0.12726841
0.81317350
0.73906820
6.01074530
0.83450692
0.22945863
0.71098327
0.63687797
5.51449597
0.93669714
0.33164888
0.60879303
0.53468775
6.24397535
1.03888737
0.43383910
0.50660280
0.43249750
0.67553682
6.65105112
0.53602933
0.40441257
0.33030728
0.57334660
2.53269100
3.10498622
3.40951669
1.36194722
0.72681681
2.87055620
0.66161900
0.52420090
0.39384874
-0.96127257
0.32544778
0.09151380
1.02996830
3.80101653
0.79184694
2.97887913
0.72664913
0.58923103
2.35435167
-0.89624242
2.76451705
1.59760928
0.96493813
1.37495328
0.85687711
0.66987012
4.92078153
0.65426120
4.32191812
2.96679681
0.45550807
0.22157410
0.89990800
1.30992311
0.81785902
0.73490029
5.30011832
0.71929133
0.58893918
-0.76618214
0.52053822
0.28660424
0.83487783
1.24489298
0.75282885
0.70888821
5.82416536
0.78432150
0.65396931
-0.70115197
0.58556836
0.35163439
0.76984770
1.17986281
0.68779872
0.64385809
6.04573460
0.84935163
0.71899948
-0.63612185
0.65059849
0.41666454
0.70481755
1.11483269
2.11240125
0.57882792
0.84370341
0.84935163
3.17465627
-0.57109168
0.71562866
0.48169467
0.63978740
1.04980254
2.08844976
0.51379779
0.77867324
0.78432150
2.88166991
-0.50606155
0.78065879
0.54672484
0.57475726
0.98477239
0.49270827
0.44876762
0.71364311
0.71929133
2.34422524
1.13217027
0.84568896
0.61175497
0.50972711
0.91974224
0.42767812
0.38373747
0.64861294
0.65426120
5.49807156
-0.54507964
0.88470705
0.67678514
0.44469696
0.85471209
0.36264798
0.31870734
0.58358282
0.58923103
0.60194520
-0.61010977
4.72359556
0.72880925
3.84403442
0.93151991
0.98048836
0.60392542
0.37035500
0.06428762
4.62122725
1.00305309
1.05202149
0.67545860
0.44188816
0.13582079
4.96451706
1.02689745
1.12355467
0.74699173
0.51342134
0.20735395
5.98035144
0.95536432
1.19508781
0.81852491
0.58495447
0.27888711
1.11086199
4.71925740
1.17124344
0.89005805
0.65648765
0.35042026
1.03932882
4.51501714
1.09971026
3.39193257
0.72802079
0.42195344
0.96779566
0.74076482
5.03295964
0.89005805
0.79955396
0.49348658
0.89626250
0.66923167
4.80993385
0.81852491
0.82339833
0.56501976
0.82472933
0.59769851
0.88511081
4.66876756
0.75186519
0.63655289
0.75319617
0.52616535
0.81357764
5.13455894
0.68033201
0.61270853
5.00530996
1.28396660
0.38402106
0.24345381
0.55114287
0.61222900
-0.19925091
0.02112833
3.25749746
1.33165537
0.43170983
2.34329979
0.59883164
0.65991777
-0.15156214
2.06695124
3.35195348
1.36742196
0.47939861
2.50358723
0.64652042
0.70760654
-0.10387337
2.25678480
1.19591852
4.59728596
0.52708738
0.38652013
0.69420919
0.75529531
-0.05618460
0.16419464
1.14822975
5.79645394
0.55093178
0.43420890
0.74189796
0.80298408
-0.00849583
0.21188343
1.10054098
5.44214830
0.50324301
0.48189767
0.78958673
0.85067285
0.03919294
0.25957221
1.05285221
4.10778496
0.45555424
0.49381989
0.83727550
0.89836163
0.08688171
0.30726096
1.00516344
5.01027718
3.99043058
0.44613112
4.46752938
4.52861549
0.13457049
0.35494973
4.09637057
4.72057098
0.36017666
3.56927099
0.88496427
0.99373921
0.18225930
3.57346721
0.90978587
4.18034663
0.31248788
0.35075354
0.83727550
1.04142798
0.22994807
0.45032731
0.86209710
5.46369701
0.26479911
0.30306477
0.78958673
1.02950576
0.27763684
0.49801608
0.81440833
5.13997356
0.21711034
0.25537599
0.74189796
0.98181699
0.32532561
0.54570485
0.76671955
0.89053421
0.16942157
0.20768722
0.69420919
5.41191346
0.30148121
0.59339363
0.71903078
0.84284543
0.12173280
0.15999845
0.64652042
3.97414666
0.25379244
0.64108240
0.67134200
0.79515666
1.88326992
0.11230968
2.49791454
0.83875067
2.01532954
3.46343789
4.03375850
1.54141688
0.00365764
4.16657767
1.64360711
0.10584787
3.63857030
1.74579733
0.20803811
1.11743800
1.71173392
0.31022834
1.01524775
1.60954370
0.41241856
0.91305753
1.50735347
0.44648197
0.81086729
1.40516323
0.34429174
4.39961137
0.86003260
0.67844897
0.19926718
4.00843860
2.37641423
0.85728187
0.37810008
0.97983270
0.86003260
5.00797771
0.55693299
0.80099980
0.68119969
6.26966430
0.73576589
0.57161375
0.82561088
4.66897121
1.02802437
0.22224168
0.47501141
0.17920890
3.49487579
1.17956482
0.48253827
0.08796690
2.59465202
0.13735145
-0.88379792
0.20842923
-0.01858320
2.89109211
0.02966579
-0.35304016
0.51658825
0.84588341
6.08881716
1.08304988
0.27726719
0.53003691
0.23423441
1.09431659
5.93040373
0.53756377
0.14299239
0.19409282
0.19237695
-0.82877239
0.26345474
0.03644231
0.49053292
0.08469129
-0.29801465
0.46156274
0.79085790
8.65228129
1.13807539
0.33229269
0.58506242
0.28925991
4.24187255
1.28961583
0.59258928
0.19801789
0.24911833
0.24740248
-0.77374689
0.31848024
0.09146781
0.54555844
0.13971681
-0.24298914
0.40653724
0.73583240
3.67877175
1.08884204
0.35835738
0.64008792
0.34428542
5.52329329
1.34464134
0.64761478
0.25304344
2.65941770
0.30242798
-0.71872140
0.37350575
0.14649332
4.91950958
0.19474231
-0.18796364
0.35151173
0.68080689
1.26847234
1.03381654
0.30333188
0.63139972
0.39931092
6.15134013
3.71492124
0.70264029
0.30806895
0.35916934
0.35745349
-0.66369586
5.32047822
0.20151885
0.65560945
2.56502221
-0.13293813
0.29648622
0.62578139
1.21344683
0.97879103
0.24830637
0.57637417
0.35586974
3.12080645
5.43412762
0.75766579
0.36309445
0.41419484
0.41247899
-0.60867035
2.31311321
0.25654435
0.71063493
2.13434977
-0.07791260
0.24146072
0.57075588
5.85423473
0.92376553
0.19328087
0.52134867
0.30084424
1.23622450
6.14760967
0.81269130
0.41811996
0.46922035
0.46750450
-0.55364485
0.53858227
0.31156986
0.76566048
0.35981883
-0.02288710
0.18643519
0.51573037
1.10339582
0.86874002
0.13825536
0.46632316
0.24581873
1.18119899
1.39677076
4.83276305
0.45576897
0.52424586
0.52253001
-0.49861934
0.59360777
0.36659536
0.82068599
0.41484433
0.03213841
0.13140969
0.46070487
1.04837032
0.81371447
0.08322986
0.41129766
0.19079323
1.12617349
1.34174526
0.72001678
10.77818342
0.52714194
0.57755551
-0.44359383
0.64863328
0.42162087
0.87571149
0.46986984
0.08716391
0.07638418
0.40567934
0.99334481
0.75868899
0.02820435
0.35627215
0.13576772
1.07114798
1.28671975
0.66499127
0.34571796
5.01167025
0.54569866
-0.40015266
5.24321264
0.47664637
0.93073700
0.52489535
0.14218942
0.02135866
0.35065384
3.29359317
0.70366348
-0.02682117
0.30124665
0.08074217
5.33504812
1.23169425
0.60996577
0.29069246
2.77236479
0.49067315
-0.45517816
0.71234703
0.53167188
5.30468814
0.57992089
0.19721492
-0.03366684
0.29562833
0.88329380
0.64863798
-0.08184668
0.24622114
0.02571669
5.85304395
3.49192313
0.55494022
0.23566695
0.36206542
0.43564765
-0.51020367
5.54926849
0.50560719
1.03499584
2.95020079
0.25224043
-0.08869235
0.24060283
0.82826828
0.59361246
-0.13687219
0.19119564
-0.02930882
0.90607144
1.12164324
0.49991471
0.18064145
4.84659373
0.38062210
-0.56522917
5.14184983
0.45058168
0.97997034
0.64942676
0.30726593
5.63762828
0.96132080
0.77190746
0.78887578
3.03535105
1.02669185
0.02758077
0.29902534
0.01448314
-0.65263688
-0.91787191
1.20821196
1.01189977
3.85967559
0.86835706
0.80381186
1.10617314
3.11534888
0.37850662
0.09396443
-0.57315560
-0.83839063
1.12873067
0.93241849
5.04725803
0.94783835
0.88329314
1.18565442
0.18654332
0.45798791
0.17344572
-0.49367431
-0.75890934
1.04924938
0.85293720
3.05677205
0.94061277
0.96277447
1.26513571
0.26602465
0.53746920
0.25292702
-0.41419302
-0.67942803
0.96976810
0.77345592
0.71410287
7.21939380
0.92664657
1.34461699
0.34550594
0.61695048
0.33240831
-0.33471174
-0.59994675
0.89028679
0.69397463
0.63462159
0.78165020
5.11633006
1.27958686
0.41053606
0.69643177
0.41188959
-0.25523045
-0.52046546
0.81080551
0.61449334
0.55514030
0.70216891
0.76768400
4.37292019
0.33105478
0.73255966
0.49137088
-0.17574912
-0.44098418
0.73132421
0.53501204
0.47565902
0.62268760
0.68820272
5.98638088
0.25157349
0.65307833
0.49859646
1.62403963
-0.36150289
0.65184292
0.45553075
0.39617773
0.54320632
0.60872143
5.92414097
0.17209221
0.57359705
0.41911517
1.30839678
-0.28202161
2.70056021
1.03392754
2.46951606
0.60074658
0.43093277
0.40744987
0.22530681
0.14252006
0.16942175
0.14055569
0.10564473
0.94497441
4.94889569
0.93453787
0.71996849
0.55015472
0.52667178
0.34452874
0.26174197
0.28864368
0.25977762
0.22486666
0.82575250
0.92554393
0.83699266
4.30251926
0.66937667
0.64589373
2.57715845
0.38096392
0.40786563
0.37899955
3.89412431
0.70653055
0.80632198
0.71777071
0.63326162
0.59350815
3.81324657
3.69613366
0.50018587
3.64024862
0.49822150
2.50573068
0.58730862
0.68710008
0.59854876
0.51403971
0.47428620
2.98491040
2.93282761
0.57605438
3.05035630
0.61744345
5.10421601
0.46808668
0.56787813
0.47932683
0.39481776
0.35506425
0.46164165
0.40955887
0.45683243
0.61379440
0.71498866
7.39814126
3.25228359
0.75952489
0.38989248
0.79057584
0.65607397
0.66836375
0.26718067
0.82769492
0.34053952
0.54484362
-0.02716681
-0.21350065
0.08619873
0.05131639
5.01409733
0.79018198
0.46142562
0.86210902
0.72760710
0.73989693
0.33871380
0.89922810
0.41207268
0.61637678
0.04436635
-0.14196748
0.15773189
0.12284955
5.00529311
0.71864880
0.45120662
0.93364216
0.79914028
3.84263726
0.41024698
0.97076123
0.48360586
0.68790993
0.11589951
-0.07043432
0.22926506
0.19438272
0.57266338
0.64711566
0.37967344
0.88254707
4.88730607
0.88296324
0.48178012
1.04229441
2.76966135
0.75944311
0.18743266
0.00109885
2.51532058
0.26591588
0.50113024
0.57558248
0.30814030
0.81101389
5.62330733
0.89318224
0.55331329
1.11382755
0.62667217
5.67558134
0.25896584
0.07263199
0.37233139
0.33744903
0.42959706
0.50404935
0.23660712
0.73948075
3.77455576
0.82164911
0.52265621
1.18536073
0.69820531
0.90250943
3.39788569
0.14416517
0.44386453
0.40898221
0.35806391
0.43251617
0.16507399
0.66794757
0.63563592
0.75011593
0.45112307
1.11382755
0.72886239
3.43450198
0.40203216
2.03106565
0.51539771
0.48051535
0.28653075
0.36098301
0.09354081
0.59641444
0.56410274
0.67858279
0.37958989
1.04229441
0.65732922
0.96382356
3.66502330
0.28723148
1.77986069
0.55204853
0.21499758
0.28944985
0.02200765
0.52488126
0.49256959
0.60704962
0.30805676
0.97076123
4.88682165
0.89229038
0.42247020
3.29954315
0.65846402
0.62358166
0.14346442
0.21791669
-0.04952552
0.45334810
3.17916169
0.53551646
0.23652358
0.89922810
2.79015713
2.61628209
0.35093702
0.26679344
2.75314277
0.69511484
1.30615093
2.77125242
2.54730231
3.08910651
0.44466033
0.22071023
3.01703112
0.20621647
0.45915409
4.67326947
0.39178793
-0.15660671
0.74733973
0.96191644
0.71282556
0.45049991
0.73440259
-0.11177332
-0.03897674
0.02337087
-0.31161235
4.12058779
0.40881961
-0.05441649
0.84952995
1.06410666
0.81501578
0.55269013
0.83659283
-0.00958310
0.06321348
0.12556111
-0.20942212
0.93694252
0.30662939
1.34161794
0.90062509
4.11604328
0.91720605
0.65488035
0.93878306
0.09260715
0.16540371
3.17749774
-0.10723190
0.83475229
0.20443916
-0.22473353
0.79843486
1.13223348
1.00236455
0.75707058
1.04097328
0.19479737
0.26759393
0.32994155
-0.00504165
0.73256205
0.10224894
-0.32692375
0.69624460
1.03004325
2.97432446
0.75707058
1.14316351
0.29698759
0.36978420
0.43213178
2.17129871
0.63037182
0.00005869
-0.42911398
0.59405437
0.92785303
0.79798410
0.65488035
4.07256588
0.33105100
0.47197442
0.53432200
0.19933879
0.52818159
-0.10213153
-0.53130420
0.49186415
1.73922861
0.69579388
0.55269013
2.95664709
0.22886078
0.42087929
0.60244882
0.30152902
0.97892582
1.02186397
3.53334852
0.63817779
0.35678448
3.61168339
0.37240399
-0.10674948
-0.42401347
-0.53979221
0.89944453
1.08544900
0.80011980
0.71765908
6.33284463
0.87845466
0.45188529
-0.02726820
-0.34453217
-0.46031092
0.81996324
1.00596772
0.84780857
0.79714037
4.26578000
0.95793595
0.53136658
0.05221309
-0.26505088
3.36920334
0.74048196
0.92648643
0.76832729
0.82893288
4.42059310
1.03741723
0.61084786
0.13169438
-0.18556958
-0.30134834
0.66100067
0.84700514
0.68884600
0.74945159
0.61112459
3.97805825
0.69032915
0.21117566
-0.10608829
-0.22186705
0.58151937
0.76752386
0.60936471
0.66997031
0.53164331
3.57468539
0.76981044
0.29065695
-0.02660701
-0.14238577
0.50203808
0.68804257
0.52988343
0.59048902
0.45216202
3.65598344
0.75391418
0.37013823
0.05287428
-0.06290448
0.42255678
0.60856129
0.45040212
0.51100774
0.37268074
0.95793595
2.73897520
0.33834572
0.13235557
0.01657681
0.34307549
0.52907999
0.37092084
0.43152645
1.82980697
0.87845466
0.59495161
0.25886443
0.08466679
3.32408952
5.97422623
1.06858902
0.85329609
0.36251325
-0.06603264
4.66496460
1.17588874
1.03212899
0.54134613
0.11280025
0.83980065
3.94864994
1.06789554
0.72017903
0.29163316
0.66096774
0.81822294
0.88906263
0.68441249
3.81308295
0.57015897
0.99122078
4.16736536
0.34413396
0.37409217
1.36112183
0.61229584
-0.34802701
-0.59072777
-0.35614596
0.49862579
1.06275396
3.82585412
0.41566714
0.44562530
1.43265500
0.68382900
-0.27649386
-0.51919460
-0.28461280
0.42709265
0.99122078
6.68056591
0.48720028
0.51715848
1.50418814
0.75536218
1.69585398
-0.44766144
-0.21307963
0.35555948
0.91968765
3.99398246
0.55873346
0.58869162
1.57572132
0.82689531
-0.13342752
-0.37612828
-0.14154648
0.28402634
4.94941937
1.14491149
5.30310467
0.66022480
1.64725445
0.89842849
-0.06189438
-0.30459511
-0.07001332
0.21249316
0.77662133
1.07337831
4.68483192
0.58869162
1.71878763
0.96996163
0.00963879
-0.23306197
0.00151986
0.14096000
0.70508816
1.00184517
4.23213313
0.51715848
1.64725445
1.04149481
0.08117193
-0.16152879
3.96105216
0.06942685
0.63355500
0.93031200
0.27260083
5.22103933
1.57572132
0.96996163
0.15270511
-0.08999566
0.14458617
-0.00210632
0.56202184
0.85877884
0.20106765
5.90883448
1.50418814
0.89842849
0.08117193
-0.01846248
0.21611931
-0.07363948
0.49048867
0.78724568
1.70427720
0.30255899
1.43265500
0.82689531
0.00963879
-0.08999566
3.68177154
3.56347305
0.97473157
-0.02799813
0.11052600
2.81374907
1.09395352
0.09122382
0.22974792
0.61269803
3.27115777
0.21044572
0.34896985
0.49347608
4.95541276
0.32966767
0.46819180
0.37425415
4.06187383
0.21044572
0.58741375
0.25503221
4.39702406
0.09122382
0.58741375
5.49675149
0.71233990
0.68958343
0.18126918
0.64399207
0.39229216
0.31028019
-0.31358119
4.72353447
0.80175635
0.77899989
0.27068563
0.73340853
0.48170862
4.01576604
3.39190467
5.30005492
0.71233990
0.86841634
0.36010208
0.82282498
0.57112507
0.48911309
-0.13474829
5.72102495
0.62292345
0.77899989
2.42877586
2.89149876
0.66054152
0.57852954
-0.04533183
0.87258361
0.53350700
3.64552241
0.36010208
1.00165788
0.74995797
0.66794600
0.04408462
3.01012064
0.44409055
0.60016698
3.85787933
3.17256281
2.54935453
0.75736245
0.13350107
3.17424762
0.35467409
0.51075053
0.18126918
0.82282498
0.74995797
3.36064370
2.73678233
0.60433426
0.26525764
0.42133408
0.09185273
0.73340853
0.66054152
4.09977811
3.65474963
4.25108071
0.97731863
1.67736289
1.17464924
0.54313269
0.22195550
3.74935448
0.56453359
0.28297177
0.05344228
0.35398789
0.07196101
-0.34616726
-0.31955194
-0.23910983
1.00281294
1.02160104
5.30105037
1.22574433
0.59422778
3.84564299
0.59050385
0.61562868
0.33406688
0.10453740
0.40508301
0.12305612
-0.29507213
-0.26845683
-0.18801471
2.76714454
0.97050595
6.04465989
1.27683947
0.64532292
0.32414572
0.64159898
0.66672381
0.38516202
0.15563253
0.45617812
0.17415124
-0.24397702
-0.21736171
-0.13691960
0.90062272
0.91941082
7.71301961
1.30749651
0.69641801
0.37524082
0.69269407
0.71781890
0.43625711
0.20672762
0.50727323
0.22524635
-0.19288191
-0.16626659
-0.08582447
0.84952762
0.86831573
5.23409180
1.25640142
0.72026241
0.42633595
0.74378921
0.76891404
0.48735224
0.25782275
0.55836836
0.27634148
-0.14178680
-0.11517148
-0.03472936
0.79843249
0.81722059
5.51111437
1.20530629
0.66916728
0.44336763
0.79488430
0.82000913
0.53844733
0.30891785
0.60946345
0.32743657
-0.09069168
-0.06407637
0.01636575
0.74733740
0.76612550
5.04406045
1.15421120
0.61807219
0.39227254
0.80510334
0.87110426
0.58954247
0.36001298
0.66055859
0.37853171
-0.03959655
-0.01298124
0.06746086
0.69624227
0.71503037
1.51045216
5.39245043
0.56697706
0.34117741
0.75400821
5.16384495
0.64063756
0.41110807
0.71165368
0.42962680
0.01149854
0.03811386
0.11855598
0.64514715
0.66393526
1.45935707
7.55685516
0.51588196
0.29008232
0.70291312
0.82341549
0.63723124
0.46220320
0.76274881
0.48072193
0.06259367
0.08920899
4.22407996
0.59405204
0.61284015
1.40826194
9.02657162
0.46478683
0.23898718
0.65181798
0.77232036
0.58613610
0.45198416
0.81384390
0.53181702
0.11368877
0.14030408
0.22074620
0.54295693
0.56174503
1.35716683
0.94983073
2.63865371
0.18789209
6.80675668
0.72122527
2.76000299
0.40088907
0.79681222
0.58291216
0.16478390
2.41636119
0.27184133
0.49186181
0.51064992
1.30607172
0.89873562
2.92184358
0.13679696
0.54962776
0.67013013
3.04319287
0.34979393
0.74571709
0.55906775
0.21587899
2.85644353
0.32293642
0.44076669
0.45955480
1.25497660
0.84764050
0.31150149
0.08570185
0.49853267
0.61903504
0.43285079
4.29744083
2.72435523
2.53770589
3.38937258
3.11672295
0.37403156
0.38967158
0.40845969
1.20388148
3.71023387
0.26040638
0.03460673
0.44743754
0.56793991
0.38175565
0.24760371
0.64352686
0.45687752
0.13412681
0.25611967
5.59230811
0.57161375
0.96539169
4.26068219
0.78574060
0.35246855
0.65565385
0.12340319
0.20773814
0.11054236
-0.06835363
0.13830436
0.03028123
-0.58314055
0.51658825
1.02041719
4.95554018
0.84076610
0.40749405
0.71067935
4.12674263
0.26276367
0.16556787
-0.01332813
0.19332987
0.08530674
-0.52811504
0.46156274
0.96539169
6.07838544
0.89579161
0.46251956
0.76570486
0.23345420
0.31778917
0.22059339
1.79605577
0.24835538
0.14033225
-0.47308953
0.40653724
0.91036618
6.04060131
0.95081711
0.51754506
0.82073036
0.28847971
0.37281468
0.27561890
1.54905142
0.30338088
0.19535776
-0.41806402
0.35151173
0.85534067
4.56728138
0.89579161
0.57257057
0.87575587
3.95858586
0.42784018
0.33064440
0.15174841
0.35840641
0.25038326
-0.36303851
0.29648622
0.80031517
5.47357482
0.84076610
0.51754506
0.93078138
0.39853072
0.48286569
0.38566991
0.20677392
0.41343191
0.30540879
-0.30801301
0.24146072
0.74528966
7.65933829
0.78574060
0.46251956
0.87575587
0.45355622
0.53789119
0.44069542
0.26179942
0.46845742
0.36043430
-0.25298748
0.18643519
0.69026416
3.73457309
0.73071509
0.40749405
0.82073036
0.39853072
0.59291670
0.49572092
0.31682493
0.52348293
0.41545980
-0.19796198
0.13140969
0.63523863
7.39234325
0.67568958
0.35246855
0.76570486
0.34350521
0.53789119
0.55074643
0.37185043
0.57850843
0.47048531
-0.14293647
0.07638418
0.58021313
5.13935920
0.62066408
0.29744304
0.71067935
0.28847971
0.48286569
0.49572092
0.42687594
0.63353394
0.52551081
-0.08791096
0.02135866
0.52518762
4.57036162
0.56563855
0.24241754
0.65565385
4.18176814
0.42784018
0.44069542
0.37185043
0.68855944
0.58053632
-0.03288546
-0.03366684
0.47016210
4.18210282
0.51061305
0.18739201
0.60062834
3.79350934
0.37281468
0.38566991
0.31682493
0.63353394
0.63556182
0.02214005
-0.08869235
0.41513660
0.51199663
0.45558754
0.13236650
0.54560282
0.12340319
0.31778917
0.33064440
0.26179942
0.57850843
0.58053632
0.07716555
2.13266080
1.47211982
1.81465779
0.99659955
3.71609803
-0.05815118
0.79580855
-0.12230096
0.05773575
0.29225519
0.01310725
-0.05951950
2.09501178
1.50976883
1.85230685
1.03424857
0.45073706
-0.02050212
0.83345756
-0.08465192
4.91314319
0.32990422
0.05075627
-0.02187047
2.05736272
1.51604369
1.88995587
1.07189763
0.48838608
0.01714690
5.99489252
-0.04700290
0.13303380
0.36755324
0.08840531
0.01577856
2.01971371
1.47839463
1.92760488
1.10954665
0.52603514
0.05479591
0.90875564
-0.00935384
0.17068284
0.40520228
0.12605435
0.05342759
1.98206469
6.20571627
1.90250554
1.14719566
0.56368415
0.09244497
0.94640466
0.02829517
0.20833188
0.44285132
0.16370337
0.09107663
1.94441563
4.51095131
1.86485652
1.16602019
0.60133321
0.13009399
0.98405371
0.06594423
0.24598089
0.48050035
0.20135240
0.12872565
1.90676661
4.13373963
1.82720746
1.12837118
0.63898223
0.16774305
3.78999486
2.87188537
0.28362995
0.51814937
0.23900144
0.16637469
1.86911755
4.74895584
1.78955845
4.57811173
0.62643256
1.77479637
4.48050911
0.14124226
0.32127897
0.55579843
0.27665046
0.20402372
1.83146854
1.29014946
1.75190943
8.13619944
0.58878350
0.23676627
1.09700081
0.17889132
0.35892798
0.59344745
0.31429952
0.24167274
1.79381952
1.25250045
1.71426037
8.25549445
0.55113448
0.19911721
1.13464982
0.21654034
0.39657704
0.63109646
0.35194853
0.27932180
1.75617048
1.21485143
1.67661136
4.46609672
0.51348546
0.16146819
1.13464982
0.25418936
3.92254774
0.66874552
0.38959755
0.31697082
1.71852145
1.17720237
1.63896234
6.83246832
0.47583640
1.78455612
1.09700081
0.29183842
0.47187508
0.70639454
0.42724661
0.35461983
1.68087241
3.90784545
1.60131328
0.90247699
0.43818739
0.08617011
3.82764391
3.02875634
0.50952414
0.74404356
0.46489563
0.39226889
1.64322337
1.10190432
1.56366426
0.86482793
0.40053837
0.04852110
5.02034747
0.22281520
0.52207381
0.78169261
0.50254464
0.42991791
1.60557435
4.48541260
1.52601522
4.31456853
0.36288931
1.58027639
4.40521103
0.18516614
0.48442479
0.81934163
0.54019370
0.46756693
1.56792532
1.02660626
1.48836619
0.78952988
0.32524029
-0.02677698
6.07019055
0.14751712
0.44677573
0.80051710
0.57784272
0.50521599
1.53027628
0.98895722
1.45071717
0.75188084
0.28759126
-0.06442600
0.90875564
0.10986806
2.79468389
0.76286809
0.60294206
0.54286500
1.49262725
0.95130819
1.41306813
4.20255350
0.24994222
-0.10207505
0.87110662
0.07221905
3.85979934
0.72521907
0.56529305
0.58051406
1.45497822
0.91365916
1.37541909
0.67658279
0.21229318
-0.13972407
0.83345756
0.03457003
0.33382864
4.53877045
0.52764403
0.57423920
4.35884174
1.21710088
1.54929712
0.44483774
0.74746756
0.20407926
-0.99228232
5.11885941
1.26180910
1.59400534
0.48954597
0.79217578
0.24878748
-0.94757409
4.52564849
1.30651733
1.63871357
0.53425420
4.42777495
0.29349571
-0.90286588
3.03424460
1.28735665
1.68342179
0.57896242
2.78959230
0.33820393
1.40325960
1.14705759
6.09323238
1.72813002
0.62367065
0.92630044
0.38291214
-0.81344942
1.10234936
3.93219994
1.73451688
0.66837887
0.97100867
0.42762036
-0.76874120
1.05764114
3.98615195
1.68980866
0.71308710
1.01571689
0.47232859
-0.72403297
1.01293291
1.10852374
1.64510043
0.74502151
1.06042512
0.51703682
-0.67932475
0.96822468
1.06381552
1.60039221
0.70031328
1.10513334
0.56174504
-0.63461652
0.92351646
1.01910729
1.55568398
0.65560506
1.14984157
3.49243643
0.77905047
3.43575022
0.97439907
3.89704767
0.61089683
1.11790716
0.65116149
-0.54520007
0.83410001
0.92969084
1.46626753
0.56618861
1.07319893
0.69586972
-0.50049184
0.78939178
0.88498262
1.42155930
0.52148038
1.02849071
0.68948285
-0.45578362
0.74468355
0.84027439
1.37685110
0.47677215
0.98378248
0.64477463
-0.41107539
0.69997533
0.79556616
1.33214287
0.43206393
0.93907426
0.60006640
-0.39191471
2.58631909
0.75085795
1.28743465
0.38735572
2.94998812
0.55535818
-0.43662294
3.87674751
0.92145522
1.39282078
0.71288513
0.41123052
3.02244316
0.00005025
0.35812047
-0.23680703
0.05806872
0.16336536
0.09047005
-0.28511566
1.98014101
10.02869623
0.97255036
1.44391587
0.76398027
0.46232561
0.19046286
0.05114534
0.40921560
-0.18571192
0.10916383
0.21446047
0.14156518
-0.23402054
-0.85183931
7.46519875
0.92145522
1.49501100
0.81507536
0.51342075
0.24155795
3.68418653
0.46031070
-0.13461678
0.16025894
0.26555558
0.19266029
-0.18292542
-0.80074420
5.19139114
0.87036013
1.44391587
4.85678468
0.56451584
0.29265308
0.15333556
0.51140583
-0.08352169
4.20196824
0.31665069
0.24375540
-0.13183031
-0.74964908
8.13089692
0.81926500
1.39282078
0.81507536
0.61561097
0.34374817
0.20443070
0.56250092
-0.03242656
0.26244917
0.36774583
0.29485051
-0.08073520
-0.69855396
6.51562368
0.76816991
1.34172564
0.76398027
0.56451584
0.39484331
0.25552579
0.61359605
0.01866853
0.31354430
0.41884092
0.34594565
-0.02964008
-0.64745885
4.20097526
0.71707477
4.44411415
0.71288513
0.51342075
0.34374817
0.30662092
0.66469114
4.52014967
0.36463939
0.46993605
0.39704074
0.02145505
-0.59636374
6.29308181
0.66597968
1.23953542
0.66179004
0.46232561
0.29265308
0.25552579
0.71578628
0.12085876
0.41573453
0.52103114
0.44813587
0.07255014
-0.54526860
6.01692670
0.61488455
6.26006561
0.61069491
0.41123052
0.24155795
0.20443070
0.66469114
5.24357919
0.46682962
0.57212628
0.49923096
0.12364527
-0.49417351
0.91043439
0.56378944
1.13734519
6.95905101
0.36013539
0.19046286
0.15333556
0.61359605
0.12085876
0.51792475
0.62322137
0.55032610
0.17474037
-0.44307838
3.58977253
0.51269432
1.08625008
5.81304789
0.30904030
0.13936772
0.10224047
0.56250092
0.06976367
5.77137279
0.67431650
0.60142119
0.22583550
2.96710670
3.14255664
0.46159921
3.38569554
0.45740957
0.25794516
0.08827263
0.05114534
0.51140583
3.88792642
0.41573453
0.62322137
0.65251632
0.27693059
-0.34088816
0.75714904
0.41050409
0.98405986
0.40631446
0.20685005
0.03717750
0.00005025
0.46031070
6.23326891
0.36463939
0.57212628
0.60142119
0.32802572
-0.28979307
3.43648718
0.35940898
0.93296473
5.65976255
0.15575494
-0.01391761
-0.05104489
0.40921560
-0.08352169
5.61808748
0.52103114
0.55032610
0.27693059
3.12039206
4.82461180
1.14323419
0.98584100
0.72892098
0.42502941
0.80782997
0.02509492
-0.45158776
4.68909413
1.19825969
1.04086650
0.78394649
0.48005492
4.41357428
3.63083922
-0.39656225
3.15014882
1.21201608
1.09589201
0.83897200
0.53508042
2.78100472
1.99826966
-0.34153675
3.77359819
1.15699057
1.15091751
0.89399750
0.59010593
0.97290649
0.19017143
-0.28651124
1.27641346
6.46449276
1.12340478
0.94902301
0.64513143
1.02793200
0.24519694
-0.23148572
1.22138795
4.67961094
1.06837928
0.99029217
0.70015694
1.08295750
0.30022244
-0.17646023
1.16636245
0.99191406
3.73927453
0.93526666
0.75518244
1.13798301
0.35524795
-0.12143473
1.11133692
0.93688851
5.01154667
0.88024111
0.75518244
1.19300855
0.41027350
-0.06640918
1.05631141
0.88186300
5.29166993
0.82521561
0.70015694
4.06149421
0.46529900
1.33162039
1.00128591
0.82683752
4.76855411
0.77019010
0.64513143
1.20676490
0.52032451
0.04364183
3.65910703
0.77181199
4.34865627
0.71516460
0.59010593
1.15173939
0.54783724
0.09866734
0.89123489
0.71678649
0.73822620
3.49529260
0.53508042
1.09671389
0.49281173
0.15369284
2.48350786
0.66176098
0.68320070
0.60511359
0.48005492
2.75932978
3.41338317
0.13993646
3.89747214
0.90341483
2.73162137
-0.03901939
5.85265548
0.99283128
0.85770807
0.05039707
5.76323902
1.08224773
0.94712452
0.13981352
5.67382257
0.99283128
1.03654097
0.22922997
4.60872378
0.90341483
1.12595743
0.31864642
3.89738949
0.81399838
1.03654097
0.40806287
3.64287249
0.72458193
0.94712452
0.49747933
1.15952553
4.55098990
0.85770807
0.40806287
3.79087220
0.90516710
1.31892852
0.71444871
1.04515707
0.12064926
0.25260857
-1.19327398
-0.10627093
4.96306410
0.98464838
1.39840981
0.79392999
1.12463836
0.20013057
0.33208986
-1.11379269
-0.02678964
4.74601465
0.90516710
1.47789109
0.87341128
1.20411964
0.27961185
0.41157116
-1.03431140
0.05269166
2.90530578
0.82568581
1.39840981
0.95289256
1.28360093
0.35909314
0.49105245
1.75723038
0.13217295
0.70191981
6.34995896
1.31892852
0.87341128
1.36308221
0.43857442
0.57053374
-0.87534881
0.21165425
0.62243850
0.66672324
4.07354243
0.79392999
1.28360093
0.51805571
0.65001502
-0.79586752
0.29113554
0.54295721
0.58724194
5.41185146
0.71444871
1.20411964
2.91259542
0.72949631
0.85575784
0.37061683
0.46347592
0.50776065
5.23083017
0.63496742
1.12463836
0.35909314
0.65001502
-0.63690495
0.45009811
0.38399463
0.42827935
5.27013024
0.55548611
1.04515707
3.01131197
0.57053374
0.59807872
0.52957940
3.53202215
1.41761462
0.10936760
3.67858531
1.51980484
0.21155782
4.01428223
1.62199506
0.31374807
3.97171163
1.58793166
0.41593829
3.82842916
1.48574143
0.51812852
4.97528138
1.38355121
0.55219193
0.79423932
1.28136096
3.28176365
3.94683761
0.62562541
0.21480495
5.29410551
0.76869172
0.35787128
5.09200655
0.81638049
0.50093760
4.51354049
0.67331418
0.64400391
3.65155369
0.53024787
0.59631514
0.57161375
0.62561652
1.09606084
4.47041031
1.13947288
0.57838523
1.31798689
3.08778291
0.05975611
0.07545982
0.51127651
0.11778985
-0.61862269
0.06655225
-0.20536169
-0.40476206
0.48219730
0.62561652
1.18547730
5.09780817
1.22888933
0.66780168
1.40740334
0.28566342
0.14917256
0.16487627
0.60069296
0.20720631
-0.52920624
0.15596870
-0.11594524
-0.31534561
0.39278085
0.53620007
1.09606084
7.03060758
1.31830578
0.75721813
1.49681979
0.37507987
0.23858902
0.25429272
0.69010941
0.29662276
-0.43978979
0.24538515
-0.02652879
-0.22592916
0.30336440
0.44678362
1.00664439
7.76318902
1.22888933
0.75721813
1.58623624
0.46449632
0.32800547
0.34370917
0.77952586
0.38603921
-0.35037334
0.33480160
0.06288766
-0.13651271
0.21394794
0.35736717
0.91722794
1.32342938
6.56260878
0.66780168
1.49681979
0.46449632
0.41742192
0.43312563
0.86894231
0.47545566
-0.26095688
0.42421806
0.15230411
-0.04709625
0.12453149
0.26795072
0.82781149
1.23401293
6.64905318
0.57838523
1.40740334
0.37507987
0.32800547
0.43312563
0.95835876
0.56487211
-0.17154043
0.51363451
0.24172057
0.04232020
0.03511504
0.17853426
0.73839504
1.14459647
0.96063998
4.94185429
1.31798689
0.28566342
0.23858902
0.34370917
0.86894231
0.56487211
-0.08212398
0.60305096
0.33113702
0.13173665
-0.05430141
0.08911781
0.64897858
1.05518002
0.87122352
6.36964015
1.22857044
0.19624697
0.14917256
0.25429272
0.77952586
0.47545566
-0.17154043
0.60305096
0.42055347
0.22115310
5.64084827
0.86244662
0.85002920
0.39979768
0.64752618
-0.99514676
5.02316618
0.93397980
0.92156233
0.47133085
4.27357156
-0.92361359
1.43780225
6.35049697
0.99309551
0.54286399
0.79059252
-0.85208043
1.36626907
6.43590786
1.06462865
0.61439717
0.86212565
-0.78054728
1.29473593
0.81475785
3.78021861
0.68593030
0.93365883
-0.70901412
1.22320276
0.74322471
5.37254977
0.75746348
3.82552657
0.70796250
1.15166960
0.67169153
4.50141172
0.68593030
1.07672515
-0.56594780
1.08013644
0.60015838
4.76753506
0.61439717
1.10056951
-0.49441463
1.00860327
0.52862522
4.82000276
0.54286399
1.02903638
-0.42288149
2.93576536
0.45709206
0.68311848
0.47133085
2.99687987
-0.44672585
1.25904585
5.92033253
1.01220751
0.31169291
1.00588385
0.80820841
0.44663427
0.12971459
-0.23670025
-0.40750133
-0.09862062
-0.79934959
3.57123265
3.28522082
1.11439774
0.41388313
1.10807407
0.91039864
0.54882449
0.23190484
-0.13451003
2.00458578
0.00356961
-0.69715936
6.59994303
0.74898640
1.04627092
0.46497827
1.21026430
1.01258890
0.65101472
0.33409506
-0.03231978
-0.20312088
0.10575984
1.77990872
6.51499419
0.64679617
0.94408070
0.36278804
1.17620089
1.09774740
0.75320494
0.43628528
0.06987044
-0.10093066
0.20795006
1.59242191
5.85926537
0.54460595
0.84189047
0.26059778
1.07401067
0.99555718
0.75320494
0.53847551
0.17206066
0.00125961
0.31014029
-0.39058867
5.82768735
0.44241570
0.73970025
0.15840755
0.97182044
0.89336695
0.65101472
0.45331701
0.20612407
0.10344983
0.41233051
-0.28839845
0.64590447
0.34022548
0.63751002
0.05621733
6.02760173
0.79117673
0.54882449
0.35112674
0.10393385
0.05235470
0.48045733
-0.18620822
5.41730645
0.46042526
3.91098406
0.81809106
1.36139433
1.46508076
0.66237801
3.63753069
0.47015420
0.75488428
0.83218711
0.78229063
-0.25521406
-0.59410252
-0.20907937
4.06065915
1.52010627
0.71740352
0.49576647
0.52517971
0.80990978
0.88721259
0.83731614
-0.20018856
-0.53907702
-0.15405386
1.25134332
3.84059148
0.77242902
0.55079198
0.58020522
3.22043677
0.94223810
0.89234165
-0.14516305
-0.48405151
-0.09902836
1.19631781
1.43006450
3.18029195
3.02868731
0.63523072
0.91996079
0.99726365
0.94736715
-0.09013752
-0.42902601
-0.04400285
1.14129230
1.37503900
4.73702784
0.61081979
0.69025623
0.97498630
1.05228915
1.00239266
-0.03511202
1.51016471
0.01102268
1.08626680
1.32001349
0.64737108
0.55579429
3.34680193
1.03001181
1.10731466
1.05741816
0.01991349
-0.31897499
0.06604818
1.03124129
1.26498798
0.59234553
0.50076878
0.66024232
4.86741492
1.16234016
1.11244367
0.07493899
-0.26394949
0.12107369
0.97621577
1.20996248
0.53732003
0.44574328
0.60521681
5.35903914
1.21736567
1.16746917
0.12996450
-0.20892398
0.17609919
0.92119026
1.15493697
0.48229452
0.39071777
0.55019131
4.74686119
1.17234478
1.22249468
0.18499000
-0.15389844
0.23112470
0.86616476
1.09991147
0.42726902
0.33569227
0.49516580
5.72934454
1.11731928
1.19748308
0.24001551
-0.09887293
0.28615020
0.81113924
1.04488594
0.37224351
0.28066676
0.44014030
0.85493067
1.06229377
5.62525296
0.23501320
-0.04384742
0.34117571
0.75611373
0.98986044
0.31721800
0.22564123
0.38511479
0.79990512
1.00726827
4.34422204
0.17998769
-0.02884049
0.39620122
0.70108822
0.93483493
0.26219250
0.17061573
0.33008929
0.74487961
0.95224276
1.03240657
0.12496219
4.37100987
0.43121748
3.53793196
1.08201146
2.81459399
0.54453615
0.37899622
-0.00732736
1.76685875
-0.25752942
6.82594809
1.15354464
1.10777841
0.61606933
0.45052940
0.06420580
0.35968959
-0.18599626
6.73339748
1.11777805
1.17931154
0.68760247
0.52206254
0.13573895
0.43122275
-0.11446310
0.60664218
4.50579886
1.17931154
0.75913564
0.59359572
0.20727213
0.50275593
-0.04292992
0.53510904
4.71644821
1.10777841
0.79490223
0.66512885
0.27880527
0.57428906
0.02860321
0.46357586
0.90317856
5.66394152
0.72336905
0.73666203
0.35033845
0.64582224
0.10013639
2.84329070
0.83164538
3.44689487
0.65183588
0.66512885
0.42187162
3.19953824
0.17166957
0.32050955
2.29142568
2.94399817
0.58030274
0.59359572
0.38610503
0.78888856
0.24320270
0.24897638
0.68857906
4.31878566
0.50876956
0.52206254
0.31457186
0.78888856
3.16653333
0.17744322
0.61704591
0.75011258
0.43723640
0.45052940
2.54794026
0.71735542
0.35050247
3.66817397
0.86695653
0.26904154
0.95280771
0.15544790
2.52091475
0.08475303
-0.61791547
3.42943854
0.93198666
0.33407167
1.01783784
0.22047803
0.55174900
2.89135150
-0.55288532
0.77202954
0.91572913
0.39910184
5.40096701
0.28550820
0.61677915
0.21481333
-0.48785517
0.70699941
0.85069901
0.43161692
5.61101828
0.35053832
0.68180928
0.27984345
-0.42282502
0.64196924
0.78566884
0.36658675
1.21292830
0.41556849
0.74683945
0.34487362
-0.35779488
0.57693911
0.72063871
0.30155662
1.16415570
0.48059862
5.27859382
0.40990375
-0.29276475
0.51190896
0.65560854
0.23652645
1.09912553
0.48059862
4.23528575
0.47493392
-0.22773458
0.44687881
0.59057841
0.17149633
5.96956813
0.41556849
0.92567235
2.95744535
-0.16270445
0.38184867
0.52554826
0.10646616
0.96906523
0.35053832
5.89243850
0.60499422
-0.09767428
0.31681852
0.46051812
0.04143603
0.90403510
0.28550820
3.69113501
0.57247913
-0.03264415
0.25178837
0.39548797
-0.02359412
0.83900495
0.22047803
3.49197103
0.50744896
-0.01638663
3.34185789
2.75952573
0.48630213
4.06653836
0.85483404
0.66513501
3.51608766
0.79522304
0.84396792
5.16367314
0.61639014
0.90357891
1.70377989
0.77197122
0.12923702
1.56071358
0.91503753
0.27230336
1.41764726
0.96272630
2.52592345
1.27458093
0.81965999
0.55843599
1.13151460
0.67659368
3.40013485
2.28185148
0.88031247
0.59832694
3.08386868
0.21855654
0.70855516
-0.11690580
-0.48322124
2.21031830
0.95184564
0.66986012
0.17236970
0.29008972
0.78008831
-0.04537265
-0.41168809
2.13878516
0.91607905
0.74139325
0.24390284
0.36162285
0.85162147
0.02616051
-0.34015493
2.06725199
0.84454588
0.74139325
0.31543602
0.43315603
0.92315465
0.09769369
-0.26862175
1.99571885
0.77301274
0.66986012
0.35120260
0.50468917
0.99468779
0.16922683
-0.19708862
1.92418567
3.11094065
0.59832694
2.68913052
0.57622234
1.06622096
0.24076000
-0.12555544
1.85265251
6.54456723
0.52679376
0.20813625
0.50468917
1.13775414
0.31229318
-0.05402226
1.78111936
0.55841325
3.80817269
0.13660311
0.43315603
1.10198755
3.73673839
0.01751088
1.70958619
0.48688007
3.29750988
0.06506993
0.36162285
1.03045438
3.29760875
0.08904406
1.63805303
0.41534691
0.31219429
-0.00646322
0.29008972
4.06116016
0.31229318
0.12481064
0.61427566
5.42571078
0.78872642
3.59560364
0.00128933
-1.22262448
0.01648180
0.52485920
1.21702837
3.17349287
1.26911806
2.40779746
-1.13320803
0.10589824
0.43544275
1.15315947
0.96755932
4.40036651
0.18012222
-1.04379160
0.19531469
0.34602630
1.06374302
0.92923796
4.45668264
0.26953867
-0.95437515
2.47888282
0.25660985
0.97432656
0.83982151
4.33362299
0.35895512
-0.86495870
0.37414760
0.16719340
0.88491011
0.75040506
4.30184304
0.37172894
-0.77554224
0.46356405
0.07777695
0.79549366
0.66098860
5.31233970
0.28231248
-0.73722088
0.55298050
-0.01163951
0.70607721
0.57157217
3.79421721
0.19289603
-0.82663733
2.44218786
5.63756339
0.51811422
4.81499782
0.62030445
5.53650438
0.72249467
3.91025832
0.82468490
5.26464691
0.82468490
5.14385362
0.72249467
3.83483847
0.62030445
0.61573044
2.56757475
0.12410547
1.26403187
0.58964197
1.38908456
-0.40485524
-0.36510546
0.54419726
0.30017321
0.19563865
7.66363346
0.66117515
0.32187056
-0.33332209
-0.29357230
0.47266412
0.26440662
0.26717178
5.58210299
0.73270829
0.39340371
-0.26178893
-0.22203914
0.40113095
0.19287344
0.26717178
5.92099187
0.80424146
0.46493689
-0.19025575
-0.15050596
0.32959781
0.12134031
0.19563865
5.93844895
0.87577460
0.53647003
-0.11872262
-0.07897283
0.25806463
0.04980713
0.12410547
4.47824198
0.94730778
0.60800321
-0.04718944
-0.00743965
0.18653147
-0.02172605
0.05257229
1.37133159
3.75813936
0.67953639
0.02434374
0.06409353
0.11499832
-0.09325919
-0.01896084
1.29979846
3.91311062
0.64376980
0.09587688
0.13562667
0.04346515
-0.16479236
-0.09049402
1.22826528
3.12838884
0.57223662
0.09587688
0.20715984
-0.02806801
-0.23632552
-0.16202718
1.15673212
3.73143597
0.50070348
0.02434374
0.24292643
0.62518569
8.34166094
1.26646618
0.21270937
0.45985865
0.65751279
-0.06307570
0.08574532
0.30248812
-0.09871523
-0.85125461
0.53576924
1.07489038
4.06710665
0.30212582
3.10504910
0.74692924
0.02634073
0.17516178
2.94767855
-0.00929878
-0.76183816
0.44635279
0.98547393
7.05418506
0.39154227
0.63869155
0.83634569
0.11575718
0.26457823
0.48132100
0.08011768
-0.67242171
0.35693633
0.89605748
5.65384061
0.33464086
0.71185048
0.92576214
0.20517363
0.35399468
0.57073745
0.16953413
-0.58300525
0.26751988
0.80664103
7.10578837
0.24522441
0.62243403
0.95014842
0.29459008
0.44341113
0.66015390
0.25895058
-0.49358882
0.17810343
0.71722460
1.07950451
0.15580796
0.53301758
6.39799116
0.27020380
0.53282758
0.74957036
0.34836703
-0.40417237
0.08868698
0.62780815
0.99008806
0.06639151
0.44360113
3.40653391
0.18078735
0.45966865
0.80647177
0.43778348
-0.31475592
-0.00072947
0.53839170
0.90067161
-0.02302492
0.35418468
0.68189907
2.32713950
1.62857514
2.11193395
1.70423518
-0.22533947
0.57161375
0.94316474
5.00700238
5.22798278
4.22833370
0.61502969
0.19548419
0.06948605
0.22559576
0.02233687
-0.34533874
0.46942353
0.97103477
1.05410946
5.97516274
0.58982352
0.71721992
0.29767439
0.17167627
0.32778598
0.12452709
-0.24314851
0.36723330
0.86884455
1.00765939
1.35870007
4.85744009
0.81941014
0.39986466
0.27386650
0.42997623
0.22671732
2.10168306
0.26504308
0.76665432
0.90546912
1.25650985
3.63015519
0.92160037
0.50205489
0.37605672
0.53216645
0.32890754
-0.03876804
0.16285283
0.66446410
0.80327889
1.15431962
4.83571796
0.85657024
0.56708501
0.47824695
0.63435668
0.43109777
0.06342218
0.06066261
0.56227385
0.70108867
1.05212940
4.36623684
0.75438002
0.46489479
0.46895692
0.73654690
0.53328804
0.16561241
-0.04152763
2.54068700
0.59889845
1.66494442
0.39473309
0.65218975
1.76207237
1.65147313
0.65293672
1.86444455
1.55250907
5.34517408
0.60881243
0.24557256
5.04732487
0.75187874
2.02070690
4.44021532
0.79956751
2.25693144
5.24636791
0.65650120
0.67477152
0.92603434
0.51343488
2.32125624
5.80362830
5.16577116
0.44564531
5.49358753
0.93216250
0.59414629
0.38199651
0.01209285
-0.23173209
1.48938609
4.48743323
0.51717844
1.29357919
1.00369563
0.66567945
3.97520010
0.08362602
-0.16019892
5.66056198
5.18166742
0.58871162
5.63665384
1.07522881
0.73721262
0.52506285
0.15515917
-0.08866576
1.34631977
0.83859274
0.54897096
3.85328274
1.14676195
0.80874576
3.01323322
0.22669233
-0.01713260
1.27478664
0.76705960
0.47743782
1.41280114
4.44372745
0.88027894
0.66812916
0.29822551
0.05440058
1.20325346
0.69552642
0.40590464
1.34126796
4.68247776
0.95181207
0.73966230
0.36975864
0.12593372
1.13172030
0.62399329
0.33437151
1.26973482
3.08630493
0.95976022
0.81119547
0.44129182
0.19746689
1.06018714
0.55246011
0.26283833
1.19820165
6.09770036
0.88822705
0.83503984
0.51282496
0.26900003
0.98865398
0.48092695
0.19130517
1.12666851
3.94827153
0.81669391
4.62668727
0.55256562
0.34053321
0.91712081
0.40939378
0.11977202
1.05513533
0.92421435
0.74516073
0.69197353
7.00854316
0.39617009
3.95647606
0.77703928
0.19674170
-0.02158870
1.08931905
3.70999204
0.33980801
0.12147762
0.94625273
3.57514581
0.48287433
0.26454393
0.80318640
2.48269978
0.48287433
0.40761029
0.66012007
0.56243979
0.33980801
3.35969965
0.86849883
3.94682237
0.62678315
0.33569301
-0.21064040
0.18218421
0.03547122
0.77908238
4.71731011
0.71619960
0.42510946
-0.12122397
0.27160066
0.12488767
0.68966593
4.55137485
0.80561606
0.51452591
-0.03180752
0.36101709
0.21430412
0.60024948
4.93397620
0.76729469
0.60394236
0.05760893
0.45043355
0.30372057
0.51083303
3.77005232
0.67787824
0.59116855
2.30057726
0.53985000
0.39313702
0.42141658
5.80885834
0.58846179
0.50175209
0.15979920
0.62926645
0.48255347
0.33200012
5.47875600
0.49904534
0.41233564
0.07038275
0.66758781
0.57196992
0.24258367
1.34825110
3.16392527
0.32291919
-0.01903370
0.57817136
0.63583883
4.46841225
0.79061311
1.13365468
0.10407549
-0.48526633
1.36880842
3.36143697
1.21313596
0.18355680
-0.40578503
1.28932714
5.85056687
1.29261725
0.26303808
-0.32630374
1.20984585
5.53572727
1.37209853
0.34251937
-0.24682244
2.94447235
0.75882060
1.38799479
0.42200065
-0.16734115
1.05088326
0.67933931
1.30851350
0.50148194
-0.08785987
0.97140197
0.59985803
1.22903222
0.48558568
-0.00837858
2.47283536
0.52037672
1.14955093
0.40610440
0.07110271
0.81243939
0.44089544
1.07006965
0.32662311
0.02341393
0.57161375
0.75859408
3.64198477
0.81063421
0.64847245
0.82843781
0.18448241
0.02529549
-0.58840951
-0.37637021
0.46942353
0.79947017
1.03707435
3.70904303
0.75066267
0.93062803
0.28667265
0.12748572
-0.48621927
-0.27417998
0.36723330
0.69727995
1.01663630
1.01501466
2.44408342
1.03281825
1.98009340
0.22967594
-0.38402905
-0.17198975
0.26504308
0.59508972
0.91444608
0.93326248
0.91416703
3.84760912
0.49105310
0.33186617
2.43076184
-0.06979952
0.16285283
0.49289950
0.81225586
0.83107226
0.81197681
3.95059428
0.59324333
0.43405639
-0.17964858
0.03239070
0.06066261
0.39070927
0.71006561
0.72888203
0.70978658
5.35341738
0.53192919
0.51580857
-0.07745835
0.13458093
-0.04152763
0.28851904
0.60787539
0.62669181
0.60759636
4.11543178
0.42973897
0.41361835
-0.05702031
0.23677115
4.78146797
2.46573038
0.97209076
0.21392014
0.10463058
4.28911286
1.07776219
1.15092366
0.39275302
0.28346348
1.26025443
2.74674913
3.17306392
2.06331710
0.46229638
1.08142152
0.72009639
4.45105789
0.53581938
0.64112928
9.23472790
0.74972950
1.03920793
0.77542649
0.88480125
0.65846702
0.63568231
0.90664927
-0.03353067
-0.15373626
0.15651870
0.27889133
-0.56416298
0.04146000
-0.26996199
-0.36236871
5.17957664
0.77411582
1.10423806
0.84045662
0.94983138
0.72349715
0.70071243
0.97167940
0.03149945
4.16874762
0.22154885
0.34392148
-0.49913283
0.10649015
-0.20493184
-0.29733857
0.86901939
8.91020687
1.08798054
0.90548679
1.01486155
0.78852732
0.76574260
1.03670957
0.09652962
-0.02367596
0.28657899
0.40895162
-0.43410268
0.17152030
-0.13990169
-0.23230842
0.80398926
6.09202723
1.02295041
0.84858542
1.04737663
0.85355745
4.52626808
1.10173970
0.16155975
0.04135416
0.35160912
0.47398175
-0.36907256
0.23655045
-0.07487154
-0.16727827
0.73895909
0.57902536
4.60580440
0.78355525
0.98234646
0.84542869
0.89580290
1.16676987
0.22658992
0.10638433
0.41663929
0.53901192
-0.30404239
0.30158059
-0.00984139
-0.10224812
0.67392896
0.51399523
6.09153102
0.71852513
0.91731634
0.78039856
0.84703030
1.20741371
0.29162005
0.17141446
0.48166942
0.60404205
-0.23901226
0.36661072
0.05518874
-0.03721799
0.60889881
0.44896506
0.82785994
0.65349496
5.62147536
0.71536839
0.78200013
1.14238354
0.29162005
2.65577154
0.54669959
0.66907222
-0.17398209
0.43164089
0.12021891
0.02781218
0.54386866
0.38393493
0.76282981
0.58846483
0.78725604
0.65033826
9.30753206
1.07735341
0.22658992
0.19580079
0.59547220
0.73410235
-0.10895196
0.49667102
0.18524903
0.09284231
0.47883852
0.31890478
0.69779967
0.52343468
0.72222587
0.58530809
3.88542787
1.01232324
0.16155975
0.13077062
2.56274646
0.74223111
-0.04392179
0.56170119
0.25027920
0.15787248
2.55334262
0.25387464
0.63276952
0.45840453
0.65719574
0.52027796
0.58690970
0.94729312
0.09652962
4.87952308
0.46541190
0.67720098
-0.07643688
0.61860256
0.31530933
0.22290260
0.34877822
0.18884449
0.56773937
0.39337438
0.59216559
0.45524782
0.52187955
0.88226295
0.03149945
0.00071032
0.40038173
0.61217081
-0.14146705
4.08033679
0.33156685
0.28793277
2.00049924
0.45521009
0.35136930
0.16514502
1.89830902
0.55740032
0.45355952
0.26733525
1.79611880
0.60849545
0.55574975
0.36952547
1.69392857
0.50630523
0.65793997
0.47171570
1.59173833
0.40411496
0.65793997
0.57390596
1.48954810
0.30192474
0.55574975
0.67609619
1.38735787
0.19973451
2.17845516
0.62500105
5.08561963
1.31097452
1.26379845
4.12077756
0.84916251
0.51427079
0.55519806
0.49791951
-0.64175125
-0.21244323
3.43442578
6.87919137
1.20259092
2.73670412
0.78605535
1.08760641
0.75271465
0.79364194
0.73636337
-0.40330738
0.02600063
0.18641045
1.13963961
0.96414706
3.46193233
2.96251254
3.30741699
0.68768452
0.85867207
3.34635487
-0.16486352
0.26444453
4.22757535
2.01509984
0.88238047
0.47941742
-0.27070879
0.01802535
1.94356666
0.95391361
0.55095056
-0.19917563
0.08955852
1.87203352
1.02544678
0.62248374
-0.12764245
0.16109167
1.80050035
0.95391361
0.69401687
-0.05610931
0.23262483
1.72896721
0.88238047
0.76555005
0.01542386
0.30415801
1.65743403
0.81084729
0.69401687
0.08695700
0.37569114
1.58590087
0.73931415
0.62248374
0.15849018
0.44722432
1.51436772
3.28426336
0.55095056
0.08695700
0.51875746
1.44283455
3.59848829
0.47941742
0.01542386
0.59029064
1.37130139
0.52471466
0.40788425
-0.05610931
2.12511151
5.01748441
0.86530737
0.61848038
0.73087853
0.80370007
1.04381263
0.53346194
0.40146116
0.00297771
0.16563185
-0.00322279
-0.99392817
3.33410694
2.35982841
0.72067061
0.83306875
0.90589029
2.44021389
0.63565217
2.30834921
0.10516794
0.26782207
1.39317847
1.14130762
1.76856899
5.73209990
0.65254379
0.88416389
1.00808052
1.24819312
0.73784239
0.60584163
0.20735818
0.37001230
0.20115767
-0.78954772
1.66637877
3.91191197
0.55035357
0.78197366
0.97401711
1.33335162
0.84003262
0.70803186
0.30954841
0.47220252
0.30334789
-0.68735747
1.56418852
5.45706801
0.44816334
0.67978339
0.87182689
1.23116139
0.84003262
0.81022208
0.41173863
0.57439279
0.40553812
-0.58516725
1.46199830
5.71997011
2.31844911
2.47657763
0.76963666
1.12897117
0.73784239
0.72506358
0.44580204
0.67658301
0.50772834
-0.48297703
1.35980806
5.20385751
5.07625252
2.59486200
0.66744642
1.02678094
0.63565217
0.62287332
0.34361182
0.62548788
0.57585516
-0.38078680
4.58733901
0.73752545
0.79884406
-0.10098761
0.03277196
3.85823031
0.83971567
0.90103429
0.00120263
0.13496219
4.14361765
0.81927762
1.00322451
0.10339286
0.23715242
3.15291431
0.71708740
1.06453865
0.20558308
0.33934267
5.00522798
0.61489718
0.96234842
0.30777330
0.44153289
3.63986853
0.51270693
0.86015820
0.24645917
0.54372311
0.90511993
2.85499394
0.75796797
0.14426895
3.00863839
0.62518569
0.79175664
3.70649443
0.40313975
0.42443629
-0.05791667
-0.31032802
-0.26549426
0.52299547
0.86839932
5.75407468
0.50532998
0.52662651
0.04427355
-0.20813779
-0.16330404
0.42080524
0.76620910
5.27048178
0.60752020
0.62881674
0.14646377
-0.10594757
-0.06111379
0.31861502
0.66401887
5.41631059
0.63306779
0.73100696
0.24865400
-0.00375734
0.04107641
0.21642477
2.73237437
1.14379712
0.53087752
2.90155273
0.35084427
0.09843292
0.14326668
0.11423455
0.45963840
1.04160690
0.42868730
2.99405361
0.32529668
1.83322380
0.24545690
0.01204431
0.35744816
0.93941667
0.32649707
3.94765219
0.22310645
0.14952801
0.34764713
5.27535960
1.44519311
0.69216307
-0.50453641
0.16811083
3.68341717
4.23073853
1.51672629
0.76369621
-0.43300323
0.23964399
0.08211949
6.13716823
1.54057065
0.83522939
1.35375020
0.31117717
0.15365265
5.41911267
1.46903752
0.90676252
-0.28993691
0.38271031
0.22518581
4.69060395
1.39750434
0.88291816
-0.21840378
0.45424348
0.29671897
1.27355611
1.32597120
0.81138498
-0.14687060
0.52577662
0.36825214
1.20202295
3.46978658
0.73985184
-0.21840378
0.59730980
0.43978528
1.13048980
4.75550201
0.66831867
-0.28993691
0.62115416
0.51131846
1.05895663
4.68628239
0.59678553
-0.36147009
0.54962103
0.58285159
2.86950546
1.03983855
0.52525235
-0.43300323
0.47808785
4.42050997
